# A,U,C,G
0.005673808613561018,0.0007482213032936196,-0.0022271868883774466,-0.010660798760595112
0.000360450293501769,-0.007001447987620201,-0.008750019513036304,0.007394383033355332
0.005369300715404796,-0.004593822770664488,-0.013370260944108843,0.0032609635829118993
-0.0015661022269430778,-0.001265530787094936,-0.011146279895886827,-0.0017644290878436335
-0.0017969276734883485,-0.002563379869476968,-0.012253510095942883,0.019640496758306123
-0.0007356276969377656,-0.00939119721790921,-0.012781376831560548,0.014194835239983593
-0.0015723530404150104,-0.005757894595215262,-0.009755551267568609,0.015045863584857568
0.0009283633078327744,-0.004021648669830686,-0.012762820769378591,0.02427574899559653
0.0028890815581429975,-0.004906337655340848,-0.00928081530847809,0.009901896622940077
0.0039004022619097845,-0.0066238490009561495,-0.009395405670228065,0.01291868583711619
0.0018933735210847943,-0.002574580970379627,-0.007371301784995204,-0.0025850631020302626
0.003859294571213102,-0.003467319182185538,-0.009761989882160694,-0.001043435195792595
-0.00021518568954168984,0.00027182057242127036,-0.005124113580320613,-0.0033078673856228257
0.0013308706317570187,-0.0015892057178656894,-0.005036423916009565,-0.0013317070275113694
0.009947934133713272,-0.003952515177942427,-0.006741532439727433,-0.004153008887010824
0.002293436658712271,-0.003973421318627662,-0.003785273100883213,-0.006654289057438007
-0.014788815640371121,0.025124514601012532,0.005190614148322649,-0.00587368339907836
