# motif,start. pos.,20th percentile IFP,25th percentile IFP,50th percentile IFP,75th percentile IFP,80th percentile IFP,global median
AGGAGG,-17,0.6578271212182614,0.6680193999147512,0.7422155225068735,0.828305435720534,0.8383781612642284,0.07817567727912368
AGGAGG,-16,0.6535662279939505,0.6732810322856991,0.727626872540914,0.7936311360964764,0.7988885850551527,0.07817567727912368
AGGAGG,-15,0.6366968674706542,0.6568545373844565,0.7371947867049483,0.8457929488287049,0.8577260452024242,0.07817567727912368
AGGAGG,-14,0.5989883763762064,0.6893440689050205,0.7743236091456231,0.8678137085168434,0.8872023401099807,0.07817567727912368
AGGAGG,-13,0.6513307721720395,0.6596164211707805,0.7914998630242139,0.867575748558886,0.8769112241471734,0.07817567727912368
AGGAGG,-12,0.6590808614653381,0.6683676306833458,0.7826334353941101,0.8529314020247647,0.8669951756974851,0.07817567727912368
AGGAGG,-11,0.6931620968376898,0.7154672487723224,0.7887182339757852,0.8830526337083011,0.910925178533642,0.07817567727912368
AGGAGG,-10,0.685945516319203,0.6894767926914114,0.7589031425908714,0.8709928802375437,0.8754557565976315,0.07817567727912368
AGGAGG,-9,0.28606434899887156,0.45327559160496905,0.6031641701241609,0.6702771943655353,0.69787344404965,0.07817567727912368
AGGAGG,-8,0.01954148420513941,0.024929764779051712,0.08908784450222375,0.2203572657445546,0.2470394016498968,0.07817567727912368
AGGAGG,-7,0.008872397945107623,0.015183276716715892,0.07255599545362784,0.19251684263224894,0.2332366718281556,0.07817567727912368
AGGAGG,-6,0.010645979352884444,0.015146050724819716,0.07708948127779428,0.23940614551920347,0.3189255448024472,0.07817567727912368
AGGAG,-17,0.5660005839028462,0.5932574320852262,0.6500350939076331,0.71825872705397,0.7357286686558528,0.07817567727912368
AGGAG,-16,0.5507549550274339,0.5700987392612282,0.6405564622502493,0.7142987637363092,0.7320461523402382,0.07817567727912368
AGGAG,-15,0.5933379231512232,0.6065542119431129,0.6797681805940188,0.7668499208228119,0.7852220960557119,0.07817567727912368
AGGAG,-14,0.5994126673078086,0.6112495982916365,0.6873971684029571,0.7866595340357012,0.8012511344447307,0.07817567727912368
AGGAG,-13,0.559503388277984,0.592750424082864,0.6646775547080706,0.7927934000554139,0.8072895905184272,0.07817567727912368
AGGAG,-12,0.6062086126522044,0.6192316780299331,0.6859773982824453,0.7857199514525107,0.8146492975986929,0.07817567727912368
AGGAG,-11,0.5881011448060153,0.606633119308308,0.6854162067905648,0.7585376410775093,0.7821740634999383,0.07817567727912368
AGGAG,-10,0.5782991032527313,0.596495473189121,0.6549035550063764,0.7392960768093644,0.7547040065136259,0.07817567727912368
AGGAG,-9,0.2678106420252455,0.351406631223976,0.5427537909705542,0.6292693513322829,0.655002317361551,0.07817567727912368
AGGAG,-8,0.050265540336018356,0.06219547563410604,0.20171210708282156,0.4713627682605988,0.5096524647044886,0.07817567727912368
AGGAG,-7,0.018436100576277883,0.027881553884614073,0.10969354382511491,0.28549920456237615,0.3840116086128196,0.07817567727912368
AGGAG,-6,0.014493249065017009,0.018661105208706348,0.061860737390811174,0.22778555337155354,0.31934673306982586,0.07817567727912368
AGGAG,-5,0.011973324303808233,0.015447801023072878,0.06066808800791432,0.18375108173571353,0.21888035007038525,0.07817567727912368
GGAGG,-17,0.5887591878899375,0.6085739575835761,0.6738114359792262,0.7477355941548605,0.7673165207452954,0.07817567727912368
GGAGG,-16,0.6116973619072885,0.6426401327565529,0.7013936296460324,0.7875657397341663,0.8012450354235561,0.07817567727912368
GGAGG,-15,0.6138607756797367,0.6391796517565239,0.6910253682996221,0.7800447716585042,0.8004857997095187,0.07817567727912368
GGAGG,-14,0.6390466674419694,0.6589793108375466,0.7203152639642569,0.8032850437174834,0.8207682961198689,0.07817567727912368
GGAGG,-13,0.6223896514871841,0.643488238539795,0.7409553015904662,0.8416290911905487,0.8601848935716031,0.07817567727912368
GGAGG,-12,0.6470454373839293,0.652783945871355,0.7301754621635572,0.8093097263465369,0.841754741900209,0.07817567727912368
GGAGG,-11,0.610636093437659,0.636403209099099,0.6754859123096545,0.8141851078790818,0.8463532058114893,0.07817567727912368
GGAGG,-10,0.6314522598781654,0.6435313578172485,0.7120664553740765,0.8081829170031409,0.8325853749795074,0.07817567727912368
GGAGG,-9,0.6039785999614651,0.6284509210723858,0.6918362553474766,0.7760112626439719,0.8132066335890126,0.07817567727912368
GGAGG,-8,0.18564579104685708,0.25073215946537303,0.5653850820374996,0.649421091686034,0.6594264314725631,0.07817567727912368
GGAGG,-7,0.008728923966285418,0.015149489688574151,0.0742921760907111,0.24849376329586195,0.31474646222458313,0.07817567727912368
GGAGG,-6,0.0028410411425594355,0.006098118969797169,0.03661721382554254,0.1883613940362784,0.23908700283351653,0.07817567727912368
GGAGG,-5,0.0035307743369953066,0.007467625616310801,0.036054632421725546,0.16694266840465027,0.2260117024029021,0.07817567727912368
AGGA,-17,0.17746345803826247,0.21673183280701386,0.43050812081023104,0.5677119604776427,0.5956038191159686,0.07817567727912368
AGGA,-16,0.20720884917405663,0.2505621024867199,0.4704692837530033,0.5890935643148032,0.6099804961288692,0.07817567727912368
AGGA,-15,0.25527425141107335,0.3062055170582736,0.50672378783496,0.6218733401614334,0.6495639715000308,0.07817567727912368
AGGA,-14,0.2696305782202755,0.3232349311062769,0.5416025505054909,0.6274084833519123,0.6504687193175019,0.07817567727912368
AGGA,-13,0.2909595375531539,0.353757783201732,0.5375678261160863,0.6257319269354505,0.6434602296267553,0.07817567727912368
AGGA,-12,0.3023013057039318,0.36408519511695026,0.5574614217567248,0.6338879280100989,0.6537491093762278,0.07817567727912368
AGGA,-11,0.2922514984895127,0.36277780959647554,0.5589031004121747,0.6353851894863074,0.6564470842570196,0.07817567727912368
AGGA,-10,0.22293104494101557,0.2835335894438547,0.5082159005262932,0.623835145590979,0.6457370862252241,0.07817567727912368
AGGA,-9,0.1446849871690561,0.18054840574511105,0.4006442604940493,0.5676951193699802,0.5920727456955499,0.07817567727912368
AGGA,-8,0.04148069798756409,0.053182561372413076,0.16506354811847368,0.43683208955423447,0.4980818688544718,0.07817567727912368
AGGA,-7,0.023347141661974283,0.03230618632034611,0.11358907412742247,0.28274610170575254,0.37036924488120426,0.07817567727912368
AGGA,-6,0.01876534504050581,0.026570679618552646,0.0922174784686306,0.28100490429987957,0.36362119446260194,0.07817567727912368
AGGA,-5,0.012607225806232178,0.01899139098977478,0.07352331582997343,0.20004465657103812,0.25418796260647986,0.07817567727912368
AGGA,-4,0.002021166026218458,0.003650585328481824,0.022596438020986195,0.08680186498868558,0.11634810555122617,0.07817567727912368
GGAG,-17,0.4090007206966,0.4574262637559294,0.5743740973127742,0.6359633037754917,0.6513052679682929,0.07817567727912368
GGAG,-16,0.4725517499049848,0.5168098899010086,0.6148997954726428,0.6809401592300428,0.6994757575980663,0.07817567727912368
GGAG,-15,0.4764689003254736,0.5299123373726613,0.6130009265739238,0.678603840918193,0.6992728856256728,0.07817567727912368
GGAG,-14,0.49131986379449605,0.5429088879987425,0.6405739680466523,0.7237877326849321,0.7464349851672055,0.07817567727912368
GGAG,-13,0.5253817461240113,0.5620968520273053,0.637710531605611,0.7394568439386675,0.7624341557553623,0.07817567727912368
GGAG,-12,0.4523039446391446,0.5123847640942137,0.6298932235094006,0.7021007693025856,0.7347863376329625,0.07817567727912368
GGAG,-11,0.45429993768019017,0.5229179949769867,0.6254596697981845,0.7131554256079233,0.7459775603453858,0.07817567727912368
GGAG,-10,0.41345857993168234,0.4952217139335561,0.6181696319516489,0.7004452388046425,0.7162459907447813,0.07817567727912368
GGAG,-9,0.2837994847547906,0.41707179219805635,0.5957991372425142,0.6779078750949645,0.700210142735419,0.07817567727912368
GGAG,-8,0.1279728716687455,0.18007826549669656,0.46077307634928266,0.6044106842419206,0.6258375888972072,0.07817567727912368
GGAG,-7,0.018275504714840834,0.03093776952019314,0.13501839008681624,0.38113194864109645,0.4499817125747211,0.07817567727912368
GGAG,-6,0.005456853549193447,0.009902989787403955,0.07754119890350299,0.2520269135699562,0.33737165126442836,0.07817567727912368
GGAG,-5,0.006004435133244468,0.009614123634949416,0.044370544453957654,0.16519831859368564,0.22396269884544653,0.07817567727912368
GGAG,-4,0.007924243933102948,0.01227563783277654,0.04636245272814208,0.1394385005150154,0.17848610873815784,0.07817567727912368
GAGG,-17,0.3569976860509745,0.41250479094710724,0.5507549550274339,0.6208635697006799,0.6358999966466992,0.07817567727912368
GAGG,-16,0.460927696903282,0.4957625260082784,0.5953874210480083,0.6564818641991579,0.6708511639128775,0.07817567727912368
GAGG,-15,0.4815856289123914,0.5254862866312228,0.6011314900215297,0.6680193999147512,0.6846087328951556,0.07817567727912368
GAGG,-14,0.49735388892744037,0.5302087330318999,0.6175734339434353,0.6736451430214773,0.6902128918460567,0.07817567727912368
GAGG,-13,0.5432335843612114,0.5657775504384044,0.6351452711547128,0.7052138384683949,0.7291857723036925,0.07817567727912368
GAGG,-12,0.5045757189315615,0.5459981768282014,0.6265038634496602,0.69807145682739,0.7187737188300001,0.07817567727912368
GAGG,-11,0.5130661177695075,0.5362535397562154,0.6142177604374954,0.6781991606520261,0.7008676647520546,0.07817567727912368
GAGG,-10,0.45783747023674176,0.4976811750928752,0.5997734764013021,0.6523455402606246,0.6690744827182663,0.07817567727912368
GAGG,-9,0.30111327574979024,0.3772039709961429,0.5555834599975104,0.631306463822075,0.6456893309067253,0.07817567727912368
GAGG,-8,0.1223388420784086,0.1506936332775581,0.39605066048905807,0.5890017804479604,0.6122223424955717,0.07817567727912368
GAGG,-7,0.02615436013869985,0.03741048734995028,0.13790839576300412,0.4229473838119414,0.48615298254236194,0.07817567727912368
GAGG,-6,0.003929471425736223,0.009416858136904183,0.05857012532424581,0.20125652843106573,0.26539499489828955,0.07817567727912368
GAGG,-5,0.004094834166774849,0.007469439884369749,0.039817845272127436,0.15855825259722303,0.19769388852829,0.07817567727912368
GAGG,-4,0.011055324023566284,0.01621233938015674,0.05505301132761293,0.19119204779625368,0.2392539035332124,0.07817567727912368
